20
Liaoning           20  0  18   0 1 2 1 1 0 1 2 1 2 0 1 1 1 1 1 1 1 0 0
Zhejiang_Guangsha  21  3  14   1 0 1 0 0 1 0 0 2 0 0 0 0 2 1 1 1 1 2 1
Beijing            18  3  17   2 1 0 1 1 1 0 1 2 1 1 1 0 0 1 0 1 1 2 0
Guangdong          20  4  15   1 0 1 0 1 1 1 1 0 1 1 0 1 1 0 0 1 1 1 0
Xinjiang           16  5  17   1 0 1 1 0 2 1 0 0 2 2 1 1 1 1 0 1 1 1 0
Qingdao            14  7  16   0 1 1 1 2 0 2 1 1 1 1 1 0 1 1 0 0 0 1 1
Shanxi             13  7  18   1 0 0 1 1 2 0 1 1 2 2 1 1 1 1 1 0 1 1 0
Jilin              12  8  17   2 1 0 1 0 1 1 0 1 1 1 1 0 0 1 1 1 1 2 1
DongGuan           10  9  19   1 2 2 0 0 1 1 1 0 1 1 1 1 1 0 2 1 1 1 1
Shandong           10 11  17   2 0 1 1 2 1 2 1 1 0 0 0 0 1 1 1 1 1 0 1
Foshan             9   9  20   0 0 1 1 2 1 2 1 1 0 0 2 1 1 1 1 0 2 1 1
Shanghai           7  11  18   1 0 1 0 1 1 1 1 1 0 2 0 1 1 1 2 2 0 1 0
TianJin            8  16  14   1 0 0 1 1 0 1 0 1 0 1 1 0 1 1 1 1 0 0 1
Jiangsu            5  13  20   1 2 0 1 1 1 1 0 1 1 1 1 1 0 2 2 1 1 1 1
Zhejiang           6  14  18   1 1 1 0 1 1 1 1 0 1 1 1 1 2 0 2 1 1 0 1
Bayi_Rockets       3  17  18   1 1 0 0 0 0 1 1 2 1 1 2 1 2 2 0 1 1 0 1
Sichuan            4  14  18   1 1 1 1 1 0 0 1 1 1 0 2 1 1 1 1 0 2 0 2
Chongqing_Dragons  6  16  16   1 1 1 1 1 0 1 1 1 1 2 0 0 1 1 1 2 0 0 0
Jiangsu_Tongxi     3  20  15   0 2 2 1 1 1 1 2 1 0 1 1 0 1 0 0 0 0 0 1
Fujian             3  22  13   0 1 0 0 0 1 0 1 1 1 1 0 1 1 1 1 2 0 1 0